Les Heaux de Brehat
-3.0833
5.45
3
190
1.15
238
0.575
273
0.313
241.9
0.07
238
0.035
299
0.112
175.3
0.072
142
0.082
207
0.09
105
0.076
156
0.072
353
0.068
236.1
0.025
207
0.041
233
0.03
96.6
0.025
301
9.8
7.6
Cherbourg
-1.616667
3.81
1.864
257
0.704
301
0.359
238
0.191
304.6
0.137
50
0.085
99
0.07
240.5
0.045
213
0.051
276
0.079
132
0.054
213
0.062
15.7
0.044
309.4
0.05
29.7
0.098
183.2
0.032
118.9
0.017
356.4
6.4
5.0
1.37
3.07
4.49
6.43
8.66
12
14.26
16.25
17.78
19.6
19.55
18.44
16.21
14.02
10.32
6.69
3.71
2.72
1.86
2.03
3.04
5.68
7.75
10.05
12.39
15.56
17.4
18.68
19.2
19.73
18.19
15.56
12.12
9.35
5.92
3.3
1.76
2.3
2.82
4.1
5.94
9.12
11.45
13.75
15.82
18.46
19.47
19.63
18.77
17.77
14.79
11.16
7.46
5.27
3.05
1.94
1.89
3.72
5.25
7.24
9.51
12.84
15.08
17.01
18.44
20.13
19.91
18.62
16.22
13.91
10.18
6.63
3.79
2.98
2.29
2.61
3.74
6.46
8.58
10.9
13.22
1.0176
1.0529
1.0812
1.1009
1.1112
1.112
1.1031
1.0849
1.0578
1.0235
0.9845
0.9453
0.9113
0.8886
0.8818
0.8925
0.9183
0.9541
0.9937
1.0319
1.0648
1.0899
1.106
1.1126
1.1097
1.0971
1.0754
1.0453
1.0088
0.9691
0.9311
0.9008
0.8839
0.8839
0.9009
0.9313
0.9693
1.009
1.0455
1.0755
1.0972
1.1097
1.1126
1.106
1.0898
1.0646
1.0318
0.9936
0.9539
0.9181
0.8924
0.8818
0.8886
0.9114
0.9454
0.9847
1.0237
1.058
1.085
1.1032
1.112
1.1112
1.1008
1.0811
1.0528
1.0174
0.9781
0.9393
0.9067
0.8863
0.8824
0.8957
0.9235
0.9604
1.0001
1.0377
1.0694
1.0931
1.1077
1.1128
1.1083
182.51
185.62
188.41
192.41
197.15
204.13
208.93
213.08
216.10
219.49
218.92
216.22
211.57
207.47
200.72
194.07
188.26
185.99
183.78
183.70
185.53
190.82
195.15
200.05
205.03
211.62
215.38
217.82
218.51
219.10
215.60
210.32
203.90
199.06
192.64
187.37
183.88
184.48
185.17
187.62
191.40
197.98
202.96
207.85
212.19
217.48
219.29
219.20
216.98
214.70
208.90
202.24
195.49
191.39
186.75
184.06
183.51
186.91
189.93
194.07
198.89
205.87
210.60
214.59
217.38
220.47
219.57
216.54
211.61
207.34
200.56
193.99
188.39
186.43
184.57
184.82
186.91
192.40
196.86
201.79
206.74
1.0225
1.1201
1.2075
1.2736
1.3104
1.3131
1.2815
1.2196
1.1347
1.0379
0.9416
0.8573
0.7941
0.7567
0.7464
0.763
0.8065
0.8752
0.9631
1.0606
1.1558
1.2362
1.2917
1.3156
1.3048
1.2608
1.1889
1.0981
0.9999
0.9069
0.83
0.7765
0.7495
0.7496
0.7767
0.8302
0.9073
1.0004
1.0985
1.1892
1.2611
1.305
1.3156
1.2916
1.2358
1.1553
1.0603
0.9627
0.8747
0.8062
0.7629
0.7464
0.7569
0.7944
0.8576
0.9419
1.0384
1.1352
1.2198
1.2817
1.3132
1.3103
1.2734
1.2072
1.1197
1.022
0.9269
0.8456
0.7863
0.7532
0.7472
0.7682
0.8159
0.8882
0.9785
1.0765
1.17
1.2471
1.2978
1.3162
1.3
211.35
17.26
224.35
74.18
246.07
41.02
250.96
101.09
279.46
75.08
275.51
118.09
307.74
112.35
296.37
131.78
330.91
150.46
319.33
146.65
354.69
188.46
347.3
168.94
21.62
217.96
22.79
199.92
45.48
236.06
58.43
233.57
64.06
250.4
86.7
270.11
82.58
265.54
112.97
310.58
104.55
287.1
140.87
343.63
137.42
315.9
164.64
3.92
177.61
345.85
181.81
19.87
211.56
17.97
197.6
35.96
241.31
57.28
215.8
57.37
270.92
93.86
244.67
84.82
295.17
118.03
284.51
111.91
311.66
137
322.58
138.98
325.93
154.87
356.42
172.83
342.1
176.73
28.62
209.95
7.76
0.7337
1.0649
1.3148
1.0393
0.5914
1.0008
1.3288
1.091
0.6859
0.9408
1.2309
1.1617
0.9272
0.8837
1.0589
1.1994
1.1386
0.8768
0.8167
1.1604
1.2825
0.9119
0.6262
1.1228
1.3289
0.9677
0.6508
1.0508
1.2669
1.0832
0.8459
0.9351
1.1371
1.1955
1.055
0.8376
0.9251
1.2232
1.217
0.7961
0.7268
1.2223
1.2909
0.8324
0.6906
1.1588
1.2669
0.9784
0.8026
1.0168
1.1908
1.1552
0.9696
0.8511
1.0329
1.2478
1.1263
0.7164
0.8574
1.2885
1.2174
0.7026
0.79
1.2473
1.2287
0.8587
0.8146
1.1066
1.2109
1.0843
0.903
0.9106
1.1219
1.2349
1.0231
0.7003
0.989
1.3185
1.1142
0.6119
0.9176
Liverpool
-3
5.06
3.131
323
1.011
9
0.58
303
0.275
12.7
0.223
215
0.135
219
0.113
305.7
0.075
-83
0.083
343
0.13
193
0.077
283
0.121
41
0.06
7.2
0.084
186
0.039
258
0.043
181.6
0.034
358
9.3
7.4
227.47
303.98
45.09
146.39
247.82
324.92
66.36
167.68
268.83
345.37
86.05
186.50
286.76
2.49
102.54
202.59
302.74
18.65
119.15
219.89
320.87
37.68
139.04
240.49
341.97
58.99
160.26
261.32
2.15
78.36
178.73
278.92
19.00
94.66
194.74
294.93
35.30
111.51
212.34
313.41
54.67
131.70
233.17
334.63
75.99
152.80
253.77
354.51
95.01
170.92
271.06
11.12
111.17
186.90
287.16
27.61
128.29
204.83
305.98
47.31
148.75
225.85
327.27
68.57
169.69
246.19
346.83
87.25
187.48
263.19
3.24
103.30
203.46
279.41
19.95
120.72
221.74
298.58
39.96
141.42
242.89
0.9992
0.987
0.9763
0.9683
0.9639
0.9636
0.9674
0.9748
0.9852
0.9973
1.0098
1.0212
1.0304
1.0361
1.0378
1.0352
1.0286
1.0188
1.0069
0.9944
0.9826
0.9728
0.9661
0.9633
0.9646
0.9698
0.9785
0.9897
1.0021
1.0144
1.0251
1.0331
1.0373
1.0373
1.0331
1.0251
1.0144
1.0021
0.9897
0.9785
0.9698
0.9646
0.9633
0.9662
0.9728
0.9826
0.9944
1.007
1.0188
1.0286
1.0352
1.0378
1.0361
1.0304
1.0212
1.0097
0.9972
0.9851
0.9748
0.9673
0.9636
0.9639
0.9683
0.9763
0.987
0.9993
1.0117
1.0229
1.0316
1.0367
1.0377
1.0344
1.0272
1.017
1.0049
0.9924
0.9808
0.9715
0.9654
0.9632
0.9652
94.94
247.95
90.18
292.78
135.64
289.83
132.72
335.37
177.66
330.75
172.10
13.01
213.51
4.98
205.08
45.19
245.47
37.30
238.30
79.78
281.73
75.35
278.07
120.99
323.93
117.98
320.51
162.64
4.30
156.71
357.45
197.84
38.00
189.32
29.48
229.87
70.61
223.02
64.69
266.81
109.34
263.39
106.34
309.25
151.97
305.59
147.55
349.02
190.02
341.84
182.13
22.24
222.33
13.80
214.31
55.22
256.58
49.66
251.96
94.61
297.50
91.69
294.55
137.15
339.37
132.38
333.66
174.50
14.95
166.39
6.47
206.61
46.93
198.82
39.89
241.45
83.47
237.16
79.92
282.85
125.78
0.9985
0.9741
0.9531
0.9376
0.9291
0.9285
0.9358
0.9502
0.9705
0.9945
1.0196
1.0429
1.0617
1.0736
1.077
1.0716
1.0579
1.0379
1.0139
0.9888
0.9655
0.9463
0.9334
0.9279
0.9304
0.9406
0.9575
0.9795
1.0043
1.029
1.0509
1.0672
1.076
1.076
1.0672
1.0508
1.0289
1.0041
0.9794
0.9574
0.9405
0.9304
0.9279
0.9335
0.9464
0.9656
0.9889
1.014
1.038
1.058
1.0716
1.077
1.0736
1.0617
1.0429
1.0195
0.9944
0.9704
0.9502
0.9357
0.9285
0.9291
0.9376
0.9532
0.9742
0.9986
1.0236
1.0463
1.0642
1.0748
1.0767
1.0699
1.0551
1.0342
1.0098
0.9849
0.962
0.9438
0.932
0.9278
0.9315
286.71
337.93
91.44
205.32
319.45
11.86
126.02
239.95
353.52
44.82
157.45
269.63
21.42
71.1
182.47
293.86
45.42
95.46
207.74
320.49
73.72
125.56
239.56
353.75
107.97
160.23
274.04
27.44
140.38
191.01
303.02
54.69
166.12
215.66
327.09
78.76
190.78
241.41
354.35
107.75
221.56
273.82
28.05
142.24
256.23
308.07
61.29
174.04
286.32
336.36
87.92
199.31
310.68
0.36
112.15
224.33
336.97
28.27
141.84
255.77
9.93
62.34
176.47
290.35
43.85
95.07
207.63
319.74
71.47
121.12
232.49
343.89
95.49
145.59
257.95
10.78
124.08
175.98
290.02
44.22
158.44



227.47
303.98
45.09
146.39
247.82
324.92
66.36
167.68
268.83
345.37
86.05
186.50
286.76
2.49
102.54
202.59
302.74
18.65
119.15
219.89
320.87
37.68
139.04
240.49
341.97
58.99
160.26
261.32
2.15
78.36
178.73
278.92
19.00
94.66
194.74
294.93
35.30
111.51
212.34
313.41
54.67
131.70
233.17
334.63
75.99
152.80
253.77
354.51
95.01
170.92
271.06
11.12
111.17
186.90
287.16
27.61
128.29
204.83
305.98
47.31
148.75
225.85
327.27
68.57
169.69
246.19
346.83
87.25
187.48
263.19
3.24
103.30
203.46
279.41
19.95
120.72
221.74
298.58
39.96
141.42
242.89
0.9992
0.987
0.9763
0.9683
0.9639
0.9636
0.9674
0.9748
0.9852
0.9973
1.0098
1.0212
1.0304
1.0361
1.0378
1.0352
1.0286
1.0188
1.0069
0.9944
0.9826
0.9728
0.9661
0.9633
0.9646
0.9698
0.9785
0.9897
1.0021
1.0144
1.0251
1.0331
1.0373
1.0373
1.0331
1.0251
1.0144
1.0021
0.9897
0.9785
0.9698
0.9646
0.9633
0.9662
0.9728
0.9826
0.9944
1.007
1.0188
1.0286
1.0352
1.0378
1.0361
1.0304
1.0212
1.0097
0.9972
0.9851
0.9748
0.9673
0.9636
0.9639
0.9683
0.9763
0.987
0.9993
1.0117
1.0229
1.0316
1.0367
1.0377
1.0344
1.0272
1.017
1.0049
0.9924
0.9808
0.9715
0.9654
0.9632
0.9652
97.08
249.95
91.82
293.87
136.06
289.52
131.72
333.8
175.7
328.61
170.04
11.25
212.25
4.36
205.16
45.97
246.86
39.15
240.4
81.89
283.62
76.8
278.92
121.13
323.35
116.75
318.77
160.58
2.16
154.74
355.86
196.81
37.64
189.67
30.51
231.46
72.58
225.16
66.74
268.56
110.58
263.97
106.2
308.41
150.52
303.7
145.43
346.92
188.17
340.46
181.35
22.16
222.96
15.06
216.07
57.28
258.71
51.63
253.53
95.61
297.8
91.27
293.45
135.5
337.37
130.24
331.64
172.81
13.79
165.88
6.67
207.49
48.4
200.72
42.01
243.54
85.31
238.52
80.65
282.87
125.09
59.25
33.97
46.36
58.94
71.64
46.95
59.67
72.28
84.70
59.45
71.40
83.13
94.66
68.61
79.93
91.27
102.69
76.81
88.59
100.61
112.86
87.88
100.52
113.25
126.01
101.24
113.78
126.12
138.23
112.65
124.30
135.77
147.13
121.00
132.36
143.83
155.47
129.89
142.00
154.34
166.89
142.12
154.87
167.61
180.25
155.27
167.52
179.53
191.31
165.44
221.18
196.49
209.20
221.77
234.16
208.88
220.80
232.49
244.00
217.93
176.85
188.19
199.51
173.46
184.99
196.72
208.68
183.43
195.86
208.46
229.25
240.59
252.03
226.19
238.00
250.05
262.34
237.40
250.06
262.80
275.54
0.9992
0.987
0.9763
0.9683
0.9639
0.9636
0.9674
0.9748
0.9852
0.9973
1.0098
1.0212
1.0304
1.0361
1.0378
1.0352
1.0286
1.0188
1.0069
0.9944
0.9826
0.9728
0.9661
0.9633
0.9646
0.9698
0.9785
0.9897
1.0021
1.0144
1.0251
1.0331
1.0373
1.0373
1.0331
1.0251
1.0144
1.0021
0.9897
0.9785
0.9698
0.9646
0.9633
0.9662
0.9728
0.9826
0.9944
1.007
1.0188
1.0286
1.0352
1.0378
1.0361
1.0304
1.0212
1.0097
0.9972
0.9851
0.9748
0.9673
0.9636
0.9639
0.9683
0.9763
0.987
0.9993
1.0117
1.0229
1.0316
1.0367
1.0377
1.0344
1.0272
1.017
1.0049
0.9924
0.9808
0.9715
0.9654
0.9632
0.9652
265.3
159.97
90.56
21.33
312.24
207.49
138.41
69.21
359.84
254.54
184.69
114.62
44.35
298.24
227.76
157.3
86.91
340.99
270.96
201.17
131.63
26.6
317.43
248.36
179.31
74.5
5.24
295.78
226.08
120.45
50.29
339.96
269.52
163.34
92.89
22.56
312.41
206.78
137.08
67.62
358.36
253.55
184.49
115.43
46.26
301.23
231.68
161.89
91.87
345.94
275.56
205.09
134.61
28.51
318.24
248.16
178.32
73.02
3.65
294.45
225.37
120.62
51.53
342.3
272.89
167.55
97.67
27.56
317.27
211.14
140.66
70.2
359.84
253.94
183.96
114.21
44.7
299.7
230.55
161.5
92.44
230.02
304.24
43.13
141.56
239.75
312.48
50.65
149.03
247.83
321.92
62.35
164.08
267.37
346.78
92.45
197.99
302.45
20.01
121.41
221.59
320.87
34.18
132.5
230.64
328.74
41.6
140.12
239.15
338.94
54.47
156.78
260.68
5.9
86.29
191.5
295.39
37.7
113.22
213.02
312.03
50.55
123.41
221.52
319.66
57.97
131.29
230.57
330.75
72.17
149.73
254.2
359.74
105.41
184.81
288.09
29.82
130.24
204.33
303.12
41.51
139.67
212.4
310.59
49.03
147.91
222.14
322.76
64.73
168.27
247.88
353.6
99.02
203.26
280.55
21.74
121.75
220.91
294.15
32.43
130.55
228.67

1.0279
1.085
1.131
1.1631
1.1801
1.1814
1.1668
1.137
1.093
1.0374
0.9745
0.9107
0.8549
0.8171
0.8059
0.8237
0.8665
0.925
0.9893
1.0511
1.1043
1.1452
1.1716
1.1825
1.1776
1.157
1.1215
1.0727
1.0136
0.9494
0.8876
0.8376
0.8094
0.8094
0.8378
0.8878
0.9497
1.014
1.0729
1.1217
1.1572
1.1777
1.1825
1.1715
1.145
1.104
1.0508
0.9891
0.9247
0.8662
0.8236
0.8059
0.8173
0.8551
0.9109
0.9747
1.0377
1.0933
1.1371
1.1669
1.1814
1.1801
1.163
1.1308
1.0848
1.0276
0.964
0.9009
0.8473
0.8134
0.8068
0.8291
0.8751
0.9353
0.9996
1.0603
1.1118
1.1504
1.1744
1.1828
1.1754





Plymouth
-4.1833
3.35
1.69
155
0.61
207
0.328
127.1
0.166
211.2
0.14
136
0.1
188
0.061
139.3
0.041
101
0.045
171
0.074
109
0.042
120
0.059
341
0.036
204.9
0.051
188
0.121
219
0.024
99.4
0.016
312
5.5
4.4
Roscoff
-3.9667
5.25
2.692
172
1.007
218
0.533
153
0.274
221.7
0.105
200
0.066
258
0.103
155.5
0.065
126
0.076
191
0.084
98
0.071
134
0.075
348
0.059
216.2
0.041
170
0.09
205
0.028
98
0.02
299
8.8
7.0
St Helier
-2.12
6.06
3.36
182
1.324
231
0.646
166
0.358
231
0.199
300
0.147
355
0.122
166
0.103
166
0.096
182
0.09
97
0.085
166
0.081
346
0.078
308
0.071
279
0.037
223
0.03
97
0.029
233
11.0
8.1
StH 2 
-2.1
6.06
3.36
182
1.324
231
0.646
166
0.36
235
0.199
300
0.147
355
0.125
168.1
0.081
133
0.092
198
0.09
97
0.086
150
0.081
346
0.078
229
0.071
279
0.037
223
0.03
88.7
0.029
233
11.0
8.1
St Malo
-2.0333
6.78
3.68
208
1.432
258
0.72
190
0.39
262.1
0.273
337
0.206
35
0.14
192.4
0.088
158
0.103
226
0.09
126
0.096
172
0.088
354
0.084
256
0.101
315
0.054
224
0.03
126
0.024
330
12.2
9.3
St Mary's
-6.316667
3.13
1.76
130
0.61
171
0.3414
108.02
0.1659
174.32
0.062
188
0.0429
229
0.0669
110.98
0.0422
89
0.0493
151.98
0.05
100
0.0458
86.05
0.05
341
0.036
169.36
0.024
166.02
0
0
0.0166
91.07
0.0097
281.98
5.7
4.3
3.16
2.43
2.68
2.94
3.2
2.47
2.72
2.98
3.23
2.5
2.76
3.02
3.27
2.54
2.8
3.05
3.31
2.58
2.84
3.09
3.35
2.62
2.87
3.13
3.39
2.66
2.91
3.17
3.42
2.69
2.95
3.21
3.46
2.73
2.99
3.24
3.5
2.77
3.03
3.28
3.54
2.81
3.06
3.32
3.58
2.85
3.1
3.36
3.61
2.88
3.14
3.4
3.65
2.92
3.18
3.43
3.69
2.96
3.22
3.47
3.73
3
3.25
3.51
3.77
3.04
3.29
3.55
3.8
3.07
3.33
3.59
3.84
3.11
3.37
3.62
3.88
3.15
3.41
3.66
3.92


251.02
123.94
47.61
331.47
255.45
128.97
52.97
336.85
260.55
133.52
56.75
339.76
262.57
134.73
57.33
339.94
262.64
134.97
58.03
341.32
264.85
138.09
62
346.02
270.04
143.49
67.31
350.93
274.31
146.95
69.87
352.62
275.25
147.34
69.97
352.72
275.64
148.28
71.66
355.28
279.1
152.55
76.58
0.59
284.5
157.74
81.27
4.56
287.61
159.95
82.65
5.26
287.86
160.02
82.83
5.83
289.07
162.04
85.74
9.62
293.62
167.14
91.12
14.97
298.64
171.57
94.77
17.74
300.52
172.66
95.26
17.88
300.59
172.96
96.05
19.38
302.95
176.22
100.15
24.17
308.2
