1.37
3.07
4.49
6.43
8.66
12
14.26
16.25
17.78
19.6
19.55
18.44
16.21
14.02
10.32
6.69
3.71
2.72
1.86
2.03
3.04
5.68
7.75
10.05
12.39
15.56
17.4
18.68
19.2
19.73
18.19
15.56
12.12
9.35
5.92
3.3
1.76
2.3
2.82
4.1
5.94
9.12
11.45
13.75
15.82
18.46
19.47
19.63
18.77
17.77
14.79
11.16
7.46
5.27
3.05
1.94
1.89
3.72
5.25
7.24
9.51
12.84
15.08
17.01
18.44
20.13
19.91
18.62
16.22
13.91
10.18
6.63
3.79
2.98
2.29
2.61
3.74
6.46
8.58
10.9
13.22
