1.0176
1.0529
1.0812
1.1009
1.1112
1.112
1.1031
1.0849
1.0578
1.0235
0.9845
0.9453
0.9113
0.8886
0.8818
0.8925
0.9183
0.9541
0.9937
1.0319
1.0648
1.0899
1.106
1.1126
1.1097
1.0971
1.0754
1.0453
1.0088
0.9691
0.9311
0.9008
0.8839
0.8839
0.9009
0.9313
0.9693
1.009
1.0455
1.0755
1.0972
1.1097
1.1126
1.106
1.0898
1.0646
1.0318
0.9936
0.9539
0.9181
0.8924
0.8818
0.8886
0.9114
0.9454
0.9847
1.0237
1.058
1.085
1.1032
1.112
1.1112
1.1008
1.0811
1.0528
1.0174
0.9781
0.9393
0.9067
0.8863
0.8824
0.8957
0.9235
0.9604
1.0001
1.0377
1.0694
1.0931
1.1077
1.1128
1.1083
