182.51
185.62
188.41
192.41
197.15
204.13
208.93
213.08
216.10
219.49
218.92
216.22
211.57
207.47
200.72
194.07
188.26
185.99
183.78
183.70
185.53
190.82
195.15
200.05
205.03
211.62
215.38
217.82
218.51
219.10
215.60
210.32
203.90
199.06
192.64
187.37
183.88
184.48
185.17
187.62
191.40
197.98
202.96
207.85
212.19
217.48
219.29
219.20
216.98
214.70
208.90
202.24
195.49
191.39
186.75
184.06
183.51
186.91
189.93
194.07
198.89
205.87
210.60
214.59
217.38
220.47
219.57
216.54
211.61
207.34
200.56
193.99
188.39
186.43
184.57
184.82
186.91
192.40
196.86
201.79
206.74
