1.0225
1.1201
1.2075
1.2736
1.3104
1.3131
1.2815
1.2196
1.1347
1.0379
0.9416
0.8573
0.7941
0.7567
0.7464
0.763
0.8065
0.8752
0.9631
1.0606
1.1558
1.2362
1.2917
1.3156
1.3048
1.2608
1.1889
1.0981
0.9999
0.9069
0.83
0.7765
0.7495
0.7496
0.7767
0.8302
0.9073
1.0004
1.0985
1.1892
1.2611
1.305
1.3156
1.2916
1.2358
1.1553
1.0603
0.9627
0.8747
0.8062
0.7629
0.7464
0.7569
0.7944
0.8576
0.9419
1.0384
1.1352
1.2198
1.2817
1.3132
1.3103
1.2734
1.2072
1.1197
1.022
0.9269
0.8456
0.7863
0.7532
0.7472
0.7682
0.8159
0.8882
0.9785
1.0765
1.17
1.2471
1.2978
1.3162
1.3
