211.35
17.26
224.35
74.18
246.07
41.02
250.96
101.09
279.46
75.08
275.51
118.09
307.74
112.35
296.37
131.78
330.91
150.46
319.33
146.65
354.69
188.46
347.3
168.94
21.62
217.96
22.79
199.92
45.48
236.06
58.43
233.57
64.06
250.4
86.7
270.11
82.58
265.54
112.97
310.58
104.55
287.1
140.87
343.63
137.42
315.9
164.64
3.92
177.61
345.85
181.81
19.87
211.56
17.97
197.6
35.96
241.31
57.28
215.8
57.37
270.92
93.86
244.67
84.82
295.17
118.03
284.51
111.91
311.66
137
322.58
138.98
325.93
154.87
356.42
172.83
342.1
176.73
28.62
209.95
7.76
