0.7337
1.0649
1.3148
1.0393
0.5914
1.0008
1.3288
1.091
0.6859
0.9408
1.2309
1.1617
0.9272
0.8837
1.0589
1.1994
1.1386
0.8768
0.8167
1.1604
1.2825
0.9119
0.6262
1.1228
1.3289
0.9677
0.6508
1.0508
1.2669
1.0832
0.8459
0.9351
1.1371
1.1955
1.055
0.8376
0.9251
1.2232
1.217
0.7961
0.7268
1.2223
1.2909
0.8324
0.6906
1.1588
1.2669
0.9784
0.8026
1.0168
1.1908
1.1552
0.9696
0.8511
1.0329
1.2478
1.1263
0.7164
0.8574
1.2885
1.2174
0.7026
0.79
1.2473
1.2287
0.8587
0.8146
1.1066
1.2109
1.0843
0.903
0.9106
1.1219
1.2349
1.0231
0.7003
0.989
1.3185
1.1142
0.6119
0.9176
