227.47
303.98
45.09
146.39
247.82
324.92
66.36
167.68
268.83
345.37
86.05
186.50
286.76
2.49
102.54
202.59
302.74
18.65
119.15
219.89
320.87
37.68
139.04
240.49
341.97
58.99
160.26
261.32
2.15
78.36
178.73
278.92
19.00
94.66
194.74
294.93
35.30
111.51
212.34
313.41
54.67
131.70
233.17
334.63
75.99
152.80
253.77
354.51
95.01
170.92
271.06
11.12
111.17
186.90
287.16
27.61
128.29
204.83
305.98
47.31
148.75
225.85
327.27
68.57
169.69
246.19
346.83
87.25
187.48
263.19
3.24
103.30
203.46
279.41
19.95
120.72
221.74
298.58
39.96
141.42
242.89
