0.9992
0.987
0.9763
0.9683
0.9639
0.9636
0.9674
0.9748
0.9852
0.9973
1.0098
1.0212
1.0304
1.0361
1.0378
1.0352
1.0286
1.0188
1.0069
0.9944
0.9826
0.9728
0.9661
0.9633
0.9646
0.9698
0.9785
0.9897
1.0021
1.0144
1.0251
1.0331
1.0373
1.0373
1.0331
1.0251
1.0144
1.0021
0.9897
0.9785
0.9698
0.9646
0.9633
0.9662
0.9728
0.9826
0.9944
1.007
1.0188
1.0286
1.0352
1.0378
1.0361
1.0304
1.0212
1.0097
0.9972
0.9851
0.9748
0.9673
0.9636
0.9639
0.9683
0.9763
0.987
0.9993
1.0117
1.0229
1.0316
1.0367
1.0377
1.0344
1.0272
1.017
1.0049
0.9924
0.9808
0.9715
0.9654
0.9632
0.9652
