94.94
247.95
90.18
292.78
135.64
289.83
132.72
335.37
177.66
330.75
172.10
13.01
213.51
4.98
205.08
45.19
245.47
37.30
238.30
79.78
281.73
75.35
278.07
120.99
323.93
117.98
320.51
162.64
4.30
156.71
357.45
197.84
38.00
189.32
29.48
229.87
70.61
223.02
64.69
266.81
109.34
263.39
106.34
309.25
151.97
305.59
147.55
349.02
190.02
341.84
182.13
22.24
222.33
13.80
214.31
55.22
256.58
49.66
251.96
94.61
297.50
91.69
294.55
137.15
339.37
132.38
333.66
174.50
14.95
166.39
6.47
206.61
46.93
198.82
39.89
241.45
83.47
237.16
79.92
282.85
125.78
