0.9985
0.9741
0.9531
0.9376
0.9291
0.9285
0.9358
0.9502
0.9705
0.9945
1.0196
1.0429
1.0617
1.0736
1.077
1.0716
1.0579
1.0379
1.0139
0.9888
0.9655
0.9463
0.9334
0.9279
0.9304
0.9406
0.9575
0.9795
1.0043
1.029
1.0509
1.0672
1.076
1.076
1.0672
1.0508
1.0289
1.0041
0.9794
0.9574
0.9405
0.9304
0.9279
0.9335
0.9464
0.9656
0.9889
1.014
1.038
1.058
1.0716
1.077
1.0736
1.0617
1.0429
1.0195
0.9944
0.9704
0.9502
0.9357
0.9285
0.9291
0.9376
0.9532
0.9742
0.9986
1.0236
1.0463
1.0642
1.0748
1.0767
1.0699
1.0551
1.0342
1.0098
0.9849
0.962
0.9438
0.932
0.9278
0.9315
