286.71
337.93
91.44
205.32
319.45
11.86
126.02
239.95
353.52
44.82
157.45
269.63
21.42
71.1
182.47
293.86
45.42
95.46
207.74
320.49
73.72
125.56
239.56
353.75
107.97
160.23
274.04
27.44
140.38
191.01
303.02
54.69
166.12
215.66
327.09
78.76
190.78
241.41
354.35
107.75
221.56
273.82
28.05
142.24
256.23
308.07
61.29
174.04
286.32
336.36
87.92
199.31
310.68
0.36
112.15
224.33
336.97
28.27
141.84
255.77
9.93
62.34
176.47
290.35
43.85
95.07
207.63
319.74
71.47
121.12
232.49
343.89
95.49
145.59
257.95
10.78
124.08
175.98
290.02
44.22
158.44



