97.08
249.95
91.82
293.87
136.06
289.52
131.72
333.8
175.7
328.61
170.04
11.25
212.25
4.36
205.16
45.97
246.86
39.15
240.4
81.89
283.62
76.8
278.92
121.13
323.35
116.75
318.77
160.58
2.16
154.74
355.86
196.81
37.64
189.67
30.51
231.46
72.58
225.16
66.74
268.56
110.58
263.97
106.2
308.41
150.52
303.7
145.43
346.92
188.17
340.46
181.35
22.16
222.96
15.06
216.07
57.28
258.71
51.63
253.53
95.61
297.8
91.27
293.45
135.5
337.37
130.24
331.64
172.81
13.79
165.88
6.67
207.49
48.4
200.72
42.01
243.54
85.31
238.52
80.65
282.87
125.09
