59.25
33.97
46.36
58.94
71.64
46.95
59.67
72.28
84.70
59.45
71.40
83.13
94.66
68.61
79.93
91.27
102.69
76.81
88.59
100.61
112.86
87.88
100.52
113.25
126.01
101.24
113.78
126.12
138.23
112.65
124.30
135.77
147.13
121.00
132.36
143.83
155.47
129.89
142.00
154.34
166.89
142.12
154.87
167.61
180.25
155.27
167.52
179.53
191.31
165.44
221.18
196.49
209.20
221.77
234.16
208.88
220.80
232.49
244.00
217.93
176.85
188.19
199.51
173.46
184.99
196.72
208.68
183.43
195.86
208.46
229.25
240.59
252.03
226.19
238.00
250.05
262.34
237.40
250.06
262.80
275.54
