265.3
159.97
90.56
21.33
312.24
207.49
138.41
69.21
359.84
254.54
184.69
114.62
44.35
298.24
227.76
157.3
86.91
340.99
270.96
201.17
131.63
26.6
317.43
248.36
179.31
74.5
5.24
295.78
226.08
120.45
50.29
339.96
269.52
163.34
92.89
22.56
312.41
206.78
137.08
67.62
358.36
253.55
184.49
115.43
46.26
301.23
231.68
161.89
91.87
345.94
275.56
205.09
134.61
28.51
318.24
248.16
178.32
73.02
3.65
294.45
225.37
120.62
51.53
342.3
272.89
167.55
97.67
27.56
317.27
211.14
140.66
70.2
359.84
253.94
183.96
114.21
44.7
299.7
230.55
161.5
92.44
