230.02
304.24
43.13
141.56
239.75
312.48
50.65
149.03
247.83
321.92
62.35
164.08
267.37
346.78
92.45
197.99
302.45
20.01
121.41
221.59
320.87
34.18
132.5
230.64
328.74
41.6
140.12
239.15
338.94
54.47
156.78
260.68
5.9
86.29
191.5
295.39
37.7
113.22
213.02
312.03
50.55
123.41
221.52
319.66
57.97
131.29
230.57
330.75
72.17
149.73
254.2
359.74
105.41
184.81
288.09
29.82
130.24
204.33
303.12
41.51
139.67
212.4
310.59
49.03
147.91
222.14
322.76
64.73
168.27
247.88
353.6
99.02
203.26
280.55
21.74
121.75
220.91
294.15
32.43
130.55
228.67

