1.0279
1.085
1.131
1.1631
1.1801
1.1814
1.1668
1.137
1.093
1.0374
0.9745
0.9107
0.8549
0.8171
0.8059
0.8237
0.8665
0.925
0.9893
1.0511
1.1043
1.1452
1.1716
1.1825
1.1776
1.157
1.1215
1.0727
1.0136
0.9494
0.8876
0.8376
0.8094
0.8094
0.8378
0.8878
0.9497
1.014
1.0729
1.1217
1.1572
1.1777
1.1825
1.1715
1.145
1.104
1.0508
0.9891
0.9247
0.8662
0.8236
0.8059
0.8173
0.8551
0.9109
0.9747
1.0377
1.0933
1.1371
1.1669
1.1814
1.1801
1.163
1.1308
1.0848
1.0276
0.964
0.9009
0.8473
0.8134
0.8068
0.8291
0.8751
0.9353
0.9996
1.0603
1.1118
1.1504
1.1744
1.1828
1.1754





