251.02
123.94
47.61
331.47
255.45
128.97
52.97
336.85
260.55
133.52
56.75
339.76
262.57
134.73
57.33
339.94
262.64
134.97
58.03
341.32
264.85
138.09
62
346.02
270.04
143.49
67.31
350.93
274.31
146.95
69.87
352.62
275.25
147.34
69.97
352.72
275.64
148.28
71.66
355.28
279.1
152.55
76.58
0.59
284.5
157.74
81.27
4.56
287.61
159.95
82.65
5.26
287.86
160.02
82.83
5.83
289.07
162.04
85.74
9.62
293.62
167.14
91.12
14.97
298.64
171.57
94.77
17.74
300.52
172.66
95.26
17.88
300.59
172.96
96.05
19.38
302.95
176.22
100.15
24.17
308.2
